<<<<<<< HEAD
OF	Penalties	avgConvergenceRate
8.7931361235416e-05	0	0.000232340095753077
0.000184626402677024	0	0.000388055193348358
4.36294811945181e-06	0	0.000224298715155385
0.000357293226679212	0	0.000722379705208502
0.000213816127082322	0	0.000520958445320411
1.71130632741767e-05	0	5.54344947014407e-05
1.21089092852689e-06	0	2.5352666434947e-05
3.78861360835758e-05	0	0.000292189380710293
1.70395796539324e-05	0	4.76690985341842e-05
0.000226531965164312	0	0.000464542589906876
=======
Row	OF	Penalties	avgConvergenceRate
Run1	0.377750010135782	0	0.819726929652411
Run2	0.032538592997136	0	0.0752444710706422
Run3	0.0110355682977601	0	0.0222821962785726
Run4	0.318766620271583	0	0.638619124897193
Run5	0.198792718257703	0	0.46565839758744
Run6	0.254963981865789	0	0.562828954341099
Run7	0.0288671964058951	0	0.0577343928117889
Run8	0.217323125405756	0	0.451393700979568
Run9	0.00681847720683275	0	0.0226149044333835
Run10	0.185789719242047	0	0.438430005224616
>>>>>>> e91349d69f306cb562db873c7ae04d98eb5c1147
