<<<<<<< HEAD
OF	Penalties	avgConvergenceRate
8.20456189694618e-05	0	0.000316235311895939
0.000318872235299361	0	0.000687985763090256
9.14804068163355e-05	0	0.000950680193659649
1.27185477896141e-05	0	0.000194231790463096
0.000193695041931785	0	0.000411114244881362
0.000133607987966522	0	0.000608804532360529
6.39630481154008e-05	0	0.000277899992917383
8.54286705042617e-05	0	0.00017447077787252
0.000420419150890972	0	0.000889198421403147
7.83020521013533e-05	0	0.000499674779490387
=======
Row	OF	Penalties	avgConvergenceRate
Run1	3.81674189109948e-05	0	0.000126879884764332
Run2	0.000233344514257716	0	0.000507342554976755
Run3	5.78521323830183e-05	0	0.000118664334445181
Run4	6.77760288640417e-05	0	0.000193219451130465
Run5	7.94581365458624e-05	0	0.000497796660004936
Run6	2.29509866614408e-05	0	6.5744274078358e-05
Run7	0.000271189004434347	0	0.000822475618622333
Run8	0.000109235387901641	0	0.000309528682925263
Run9	0.00020342401238338	0	0.000457903961323593
Run10	5.11789035911314e-05	0	0.000134289139394674
>>>>>>> e91349d69f306cb562db873c7ae04d98eb5c1147
