Row	OF	Penalties	avgConvergenceRate
<<<<<<< HEAD
Run 1	2.31888696977656e-06	0	3.97369684661335e-05
Run 2	7.58195074220813e-05	0	0.000156896943258648
Run 3	0.000110158393058668	0	0.000233041172590102
Run 4	2.056821809715e-05	0	0.00033136083326394
Run 5	7.96382417844743e-07	0	3.21806634682636e-05
Run 6	3.30562605138085e-05	0	8.12802949093719e-05
Run 7	2.58744777892339e-06	0	0.000102640255992811
Run 8	4.35182236898091e-05	0	0.000968904892069743
Run 9	0.000112303833062988	0	0.000253295565461466
Run10	4.82480874006153e-05	0	0.000126660397029518
=======
Run1	-0.9999372524615	0	-1.99978378346915
Run2	-0.999760608900638	0	-1.99895149084292
Run3	-0.999980986009832	0	-1.99851338198063
Run4	-0.999999135736516	0	-1.99969530885789
Run5	-0.999956254502705	0	-1.99783267461585
Run6	-0.999962181976738	0	-1.99921428464931
Run7	-0.999975576657528	0	-1.99891450207256
Run8	-0.999940745990328	0	-1.99805975147819
Run9	-0.999967890694264	0	-1.99851760891125
Run10	-0.999876709772067	0	-1.9988857142029
>>>>>>> e91349d69f306cb562db873c7ae04d98eb5c1147
